證券代碼	簡稱	年月日	流通在外股數(千股)	市值(百萬元)	收盤價(元)
5880   	合庫金       	20111201	     6596825	      126329	   11.41
5880   	合庫金       	20111202	     6596825	      126988	   11.47
5880   	合庫金       	20111205	     6596825	      124679	   11.26
5880   	合庫金       	20111206	     6596825	      121711	   10.99
5880   	合庫金       	20111207	     6596825	      121711	   10.99
5880   	合庫金       	20111208	     6596825	      119072	   10.75
5880   	合庫金       	20111209	     6596825	      119732	   10.81
5880   	合庫金       	20111212	     6596825	      119072	   10.75
5880   	合庫金       	20111213	     6596825	      117423	   10.60
5880   	合庫金       	20111214	     6596825	      118413	   10.69
5880   	合庫金       	20111215	     6596825	      115774	   10.45
5880   	合庫金       	20111216	     6596825	      115444	   10.42
5880   	合庫金       	20111219	     6596825	      111486	   10.07
5880   	合庫金       	20111220	     6596825	      112475	   10.16
5880   	合庫金       	20111221	     6596825	      120062	   10.84
5880   	合庫金       	20111222	     6596825	      119402	   10.78
5880   	合庫金       	20111223	     6596825	      120721	   10.90
5880   	合庫金       	20111226	     6596825	      118742	   10.72
5880   	合庫金       	20111227	     6596825	      120062	   10.84
5880   	合庫金       	20111228	     6596825	      120062	   10.84
5880   	合庫金       	20111229	     6596825	      119402	   10.78
5880   	合庫金       	20111230	     6596825	      120062	   10.84
5880   	合庫金       	20120102	     6596825	      116763	   10.54
5880   	合庫金       	20120103	     6596825	      118742	   10.72
5880   	合庫金       	20120104	     6596825	      117423	   10.60
5880   	合庫金       	20120105	     6596825	      119072	   10.75
5880   	合庫金       	20120106	     6596825	      118083	   10.66
5880   	合庫金       	20120109	     6596825	      116104	   10.48
5880   	合庫金       	20120110	     6596825	      117423	   10.60
5880   	合庫金       	20120111	     6596825	      117753	   10.63
5880   	合庫金       	20120112	     6596825	      117753	   10.63
5880   	合庫金       	20120113	     6596825	      117093	   10.57
5880   	合庫金       	20120116	     6596825	      115774	   10.45
5880   	合庫金       	20120117	     6596825	      117753	   10.63
5880   	合庫金       	20120118	     6596825	      118083	   10.66
5880   	合庫金       	20120130	     6596825	      119732	   10.81
5880   	合庫金       	20120131	     6596825	      122041	   11.02
5880   	合庫金       	20120201	     6596825	      123360	   11.14
5880   	合庫金       	20120202	     6596825	      124350	   11.23
5880   	合庫金       	20120203	     6596825	      124020	   11.20
5880   	合庫金       	20120204	     6596825	      126988	   11.47
5880   	合庫金       	20120206	     6596825	      125339	   11.32
5880   	合庫金       	20120207	     6596825	      125339	   11.32
5880   	合庫金       	20120208	     6596825	      126988	   11.47
5880   	合庫金       	20120209	     6596825	      126659	   11.44
5880   	合庫金       	20120210	     6596825	      126659	   11.44
5880   	合庫金       	20120213	     6596825	      128308	   11.59
5880   	合庫金       	20120214	     6596825	      126988	   11.47
5880   	合庫金       	20120215	     6596825	      127978	   11.56
5880   	合庫金       	20120216	     6596825	      126329	   11.41
5880   	合庫金       	20120217	     6596825	      126988	   11.47
5880   	合庫金       	20120220	     6596825	      125999	   11.38
5880   	合庫金       	20120221	     6596825	      125009	   11.29
5880   	合庫金       	20120222	     6596825	      125669	   11.35
5880   	合庫金       	20120223	     6596825	      124679	   11.26
5880   	合庫金       	20120224	     6596825	      124020	   11.20
5880   	合庫金       	20120229	     6596825	      127318	   11.50
5880   	合庫金       	20120301	     6596825	      126329	   11.41
5880   	合庫金       	20120302	     6596825	      126988	   11.47
5880   	合庫金       	20120303	     6596825	      125999	   11.38
5880   	合庫金       	20120305	     6596825	      125009	   11.29
5880   	合庫金       	20120306	     6596825	      124020	   11.20
5880   	合庫金       	20120307	     6596825	      123030	   11.11
5880   	合庫金       	20120308	     6596825	      125339	   11.32
5880   	合庫金       	20120309	     6596825	      123690	   11.17
5880   	合庫金       	20120312	     6596825	      123030	   11.11
5880   	合庫金       	20120313	     6596825	      125339	   11.32
5880   	合庫金       	20120314	     6596825	      125999	   11.38
5880   	合庫金       	20120315	     6596825	      125999	   11.38
5880   	合庫金       	20120316	     6596825	      123690	   11.17
5880   	合庫金       	20120319	     6596825	      125339	   11.32
5880   	合庫金       	20120320	     6596825	      124679	   11.26
5880   	合庫金       	20120321	     6596825	      124020	   11.20
5880   	合庫金       	20120322	     6596825	      125339	   11.32
5880   	合庫金       	20120323	     6596825	      125669	   11.35
5880   	合庫金       	20120326	     6596825	      123360	   11.14
5880   	合庫金       	20120327	     6596825	      124350	   11.23
5880   	合庫金       	20120328	     6596825	      124020	   11.20
5880   	合庫金       	20120329	     6596825	      120392	   10.87
5880   	合庫金       	20120330	     6596825	      122041	   11.02
5880   	合庫金       	20120402	     6596825	      120392	   10.87
5880   	合庫金       	20120403	     6596825	      120721	   10.90
5880   	合庫金       	20120405	     6596825	      117753	   10.63
5880   	合庫金       	20120406	     6596825	      117753	   10.63
5880   	合庫金       	20120409	     6596825	      116104	   10.48
5880   	合庫金       	20120410	     6596825	      115774	   10.45
5880   	合庫金       	20120411	     6596825	      114784	   10.36
5880   	合庫金       	20120412	     6596825	      114454	   10.33
5880   	合庫金       	20120413	     6596825	      116433	   10.51
5880   	合庫金       	20120416	     6596825	      114454	   10.33
5880   	合庫金       	20120417	     6596825	      113135	   10.22
5880   	合庫金       	20120418	     6596825	      113135	   10.22
5880   	合庫金       	20120419	     6596825	      114454	   10.33
5880   	合庫金       	20120420	     6596825	      113795	   10.28
5880   	合庫金       	20120423	     6596825	      115774	   10.45
5880   	合庫金       	20120424	     6596825	      116104	   10.48
5880   	合庫金       	20120425	     6596825	      116104	   10.48
5880   	合庫金       	20120426	     6596825	      116763	   10.54
5880   	合庫金       	20120427	     6596825	      117093	   10.57
5880   	合庫金       	20120430	     6596825	      118413	   10.69
5880   	合庫金       	20120502	     6596825	      120721	   10.90
5880   	合庫金       	20120503	     6596825	      120392	   10.87
5880   	合庫金       	20120504	     6596825	      120721	   10.90
5880   	合庫金       	20120507	     6596825	      118083	   10.66
5880   	合庫金       	20120508	     6596825	      117093	   10.57
5880   	合庫金       	20120509	     6596825	      115774	   10.45
5880   	合庫金       	20120510	     6596825	      117423	   10.60
5880   	合庫金       	20120511	     6596825	      116104	   10.48
5880   	合庫金       	20120514	     6596825	      116433	   10.51
5880   	合庫金       	20120515	     6596825	      115774	   10.45
5880   	合庫金       	20120516	     6596825	      113465	   10.25
5880   	合庫金       	20120517	     6596825	      115114	   10.39
5880   	合庫金       	20120518	     6596825	      112805	   10.19
5880   	合庫金       	20120521	     6596825	      114454	   10.33
5880   	合庫金       	20120522	     6596825	      115114	   10.39
5880   	合庫金       	20120523	     6596825	      113465	   10.25
5880   	合庫金       	20120524	     6596825	      113795	   10.28
5880   	合庫金       	20120525	     6596825	      113135	   10.22
5880   	合庫金       	20120528	     6596825	      114454	   10.33
5880   	合庫金       	20120529	     6596825	      116433	   10.51
5880   	合庫金       	20120530	     6596825	      114454	   10.33
5880   	合庫金       	20120531	     6596825	      116104	   10.48
5880   	合庫金       	20120601	     6596825	      113465	   10.25
5880   	合庫金       	20120604	     6596825	      111816	   10.10
5880   	合庫金       	20120605	     6596825	      113795	   10.28
5880   	合庫金       	20120606	     6596825	      113465	   10.25
5880   	合庫金       	20120607	     6596825	      114125	   10.31
5880   	合庫金       	20120608	     6596825	      113795	   10.28
5880   	合庫金       	20120611	     6596825	      114784	   10.36
5880   	合庫金       	20120612	     6596825	      113465	   10.25
5880   	合庫金       	20120613	     6596825	      112805	   10.19
5880   	合庫金       	20120614	     6596825	      114125	   10.31
5880   	合庫金       	20120615	     6596825	      115444	   10.42
5880   	合庫金       	20120618	     6596825	      116104	   10.48
5880   	合庫金       	20120619	     6596825	      115114	   10.39
5880   	合庫金       	20120620	     6596825	      116104	   10.48
5880   	合庫金       	20120621	     6596825	      115114	   10.39
5880   	合庫金       	20120622	     6596825	      113135	   10.22
5880   	合庫金       	20120625	     6596825	      112475	   10.16
5880   	合庫金       	20120626	     6596825	      112805	   10.19
5880   	合庫金       	20120627	     6596825	      114125	   10.31
5880   	合庫金       	20120628	     6596825	      112805	   10.19
5880   	合庫金       	20120629	     6596825	      116104	   10.48
5880   	合庫金       	20120702	     6596825	      116104	   10.48
5880   	合庫金       	20120703	     6596825	      116104	   10.48
5880   	合庫金       	20120704	     6596825	      116763	   10.54
5880   	合庫金       	20120705	     6596825	      117093	   10.57
5880   	合庫金       	20120706	     6596825	      117423	   10.60
5880   	合庫金       	20120709	     6596825	      116763	   10.54
5880   	合庫金       	20120710	     6596825	      116763	   10.54
5880   	合庫金       	20120711	     6596825	      116763	   10.54
5880   	合庫金       	20120712	     6596825	      115774	   10.45
5880   	合庫金       	20120713	     6596825	      116433	   10.51
5880   	合庫金       	20120716	     6596825	      117423	   10.60
5880   	合庫金       	20120717	     6596825	      118742	   10.72
5880   	合庫金       	20120718	     6596825	      117093	   10.57
5880   	合庫金       	20120719	     6596825	      117753	   10.63
5880   	合庫金       	20120720	     6596825	      118413	   10.69
5880   	合庫金       	20120723	     6596825	      116763	   10.54
5880   	合庫金       	20120724	     6596825	      116763	   10.54
5880   	合庫金       	20120725	     6596825	      116763	   10.54
5880   	合庫金       	20120726	     6596825	      117093	   10.57
5880   	合庫金       	20120727	     6596825	      118413	   10.69
5880   	合庫金       	20120730	     6596825	      119732	   10.81
5880   	合庫金       	20120731	     6596825	      120392	   10.87
5880   	合庫金       	20120801	     6596825	      120721	   10.90
5880   	合庫金       	20120803	     8126666	      135715	   10.95
5880   	合庫金       	20120806	     8126666	      137340	   11.08
5880   	合庫金       	20120807	     8126666	      138559	   11.18
5880   	合庫金       	20120808	     8126666	      138559	   11.18
5880   	合庫金       	20120809	     8126666	      139372	   11.24
5880   	合庫金       	20120810	     8126666	      138965	   11.21
5880   	合庫金       	20120813	     8126666	      137340	   11.08
5880   	合庫金       	20120814	     8126666	      138153	   11.14
5880   	合庫金       	20120815	     8126666	      138153	   11.14
5880   	合庫金       	20120816	     8126666	      136934	   11.04
5880   	合庫金       	20120817	     8126666	      135308	   10.91
5880   	合庫金       	20120820	     8126666	      135308	   10.91
5880   	合庫金       	20120821	     8126666	      136121	   10.98
5880   	合庫金       	20120822	     8126666	      135715	   10.95
5880   	合庫金       	20120823	     8126666	      136121	   10.98
5880   	合庫金       	20120824	     8126666	      135308	   10.91
5880   	合庫金       	20120827	     8126666	      134902	   10.88
5880   	合庫金       	20120828	     8126666	      134089	   10.82
5880   	合庫金       	20120829	     8126666	      134089	   10.82
5880   	合庫金       	20120830	     8126666	      133277	   10.75
5880   	合庫金       	20120831	     8126666	      133683	   10.78
5880   	合庫金       	20120903	     8126666	      133683	   10.78
5880   	合庫金       	20120904	     8126666	      132870	   10.72
5880   	合庫金       	20120905	     8126666	      131651	   10.62
5880   	合庫金       	20120906	     8126666	      131245	   10.59
5880   	合庫金       	20120907	     8126666	      132464	   10.68
5880   	合庫金       	20120910	     8126666	      132464	   10.68
5880   	合庫金       	20120911	     8126666	      131651	   10.62
5880   	合庫金       	20120912	     8126666	      132464	   10.68
5880   	合庫金       	20120913	     8126666	      133277	   10.75
5880   	合庫金       	20120914	     8126666	      136527	   11.01
5880   	合庫金       	20120917	     8126666	      136121	   10.98
5880   	合庫金       	20120918	     8126666	      136527	   11.01
5880   	合庫金       	20120919	     8126666	      136527	   11.01
5880   	合庫金       	20120920	     8126666	      136121	   10.98
5880   	合庫金       	20120921	     8126666	      136527	   11.01
5880   	合庫金       	20120924	     8126666	      136527	   11.01
5880   	合庫金       	20120925	     8126666	      136121	   10.98
5880   	合庫金       	20120926	     8126666	      134902	   10.88
5880   	合庫金       	20120927	     8126666	      132058	   10.65
5880   	合庫金       	20120928	     8126666	      132058	   10.65
5880   	合庫金       	20121001	     8126666	      131245	   10.59
5880   	合庫金       	20121002	     8126666	      131651	   10.62
5880   	合庫金       	20121003	     8126666	      131245	   10.59
5880   	合庫金       	20121004	     8126666	      131651	   10.62
5880   	合庫金       	20121005	     8126666	      132464	   10.68
5880   	合庫金       	20121008	     8126666	      131651	   10.62
5880   	合庫金       	20121009	     8126666	      132058	   10.65
5880   	合庫金       	20121011	     8126666	      130432	   10.52
5880   	合庫金       	20121012	     8126666	      129620	   10.45
5880   	合庫金       	20121015	     8126666	      128807	   10.39
5880   	合庫金       	20121016	     8126666	      129620	   10.45
5880   	合庫金       	20121017	     8126666	      128807	   10.39
5880   	合庫金       	20121018	     8126666	      129213	   10.42
5880   	合庫金       	20121019	     8126666	      128807	   10.39
5880   	合庫金       	20121022	     8126666	      128401	   10.36
5880   	合庫金       	20121023	     8126666	      127182	   10.26
5880   	合庫金       	20121024	     8126666	      126369	   10.19
5880   	合庫金       	20121025	     8126666	      127182	   10.26
5880   	合庫金       	20121026	     8126666	      124744	   10.06
5880   	合庫金       	20121029	     8126666	      123118	    9.93
5880   	合庫金       	20121030	     8126666	      123931	   10.00
5880   	合庫金       	20121031	     8126666	      123525	    9.96
5880   	合庫金       	20121101	     8126666	      123525	    9.96
5880   	合庫金       	20121102	     8126666	      124744	   10.06
5880   	合庫金       	20121105	     8126666	      124337	   10.03
5880   	合庫金       	20121106	     8126666	      124337	   10.03
5880   	合庫金       	20121107	     8126666	      125963	   10.16
5880   	合庫金       	20121108	     8126666	      123931	   10.00
5880   	合庫金       	20121109	     8126666	      125556	   10.13
5880   	合庫金       	20121112	     8126666	      125556	   10.13
5880   	合庫金       	20121113	     8126666	      123931	   10.00
5880   	合庫金       	20121114	     8126666	      124744	   10.06
5880   	合庫金       	20121115	     8126666	      125150	   10.09
5880   	合庫金       	20121116	     8126666	      123525	    9.96
5880   	合庫金       	20121119	     8126666	      123931	   10.00
5880   	合庫金       	20121120	     8126666	      124337	   10.03
5880   	合庫金       	20121121	     8126666	      122712	    9.90
5880   	合庫金       	20121122	     8126666	      123931	   10.00
5880   	合庫金       	20121123	     8126666	      126775	   10.23
5880   	合庫金       	20121126	     8126666	      127588	   10.29
5880   	合庫金       	20121127	     8126666	      128807	   10.39
5880   	合庫金       	20121128	     8126666	      128807	   10.39
5880   	合庫金       	20121129	     8126666	      129213	   10.42
5880   	合庫金       	20121130	     8126666	      130026	   10.49
5880   	合庫金       	20121203	     8126666	      130432	   10.52
5880   	合庫金       	20121204	     8126666	      129620	   10.45
5880   	合庫金       	20121205	     8126666	      131245	   10.59
5880   	合庫金       	20121206	     8126666	      131245	   10.59
5880   	合庫金       	20121207	     8126666	      131245	   10.59
5880   	合庫金       	20121210	     8126666	      130432	   10.52
5880   	合庫金       	20121211	     8126666	      131245	   10.59
5880   	合庫金       	20121212	     8126666	      132058	   10.65
5880   	合庫金       	20121213	     8126666	      132464	   10.68
5880   	合庫金       	20121214	     8126666	      132464	   10.68
5880   	合庫金       	20121217	     8126666	      132058	   10.65
5880   	合庫金       	20121218	     8126666	      132464	   10.68
5880   	合庫金       	20121219	     8126666	      133277	   10.75
5880   	合庫金       	20121220	     8126666	      131245	   10.59
5880   	合庫金       	20121221	     8126666	      130839	   10.55
5880   	合庫金       	20121222	     8126666	      130432	   10.52
5880   	合庫金       	20121224	     8126666	      130026	   10.49
5880   	合庫金       	20121225	     8126666	      131651	   10.62
5880   	合庫金       	20121226	     8126666	      131245	   10.59
5880   	合庫金       	20121227	     8126666	      132058	   10.65
5880   	合庫金       	20121228	     8126666	      132870	   10.72
5880   	合庫金       	20130102	     8126666	      133683	   10.78
5880   	合庫金       	20130103	     8126666	      134496	   10.85
5880   	合庫金       	20130104	     8126666	      133277	   10.75
5880   	合庫金       	20130107	     8126666	      132058	   10.65
5880   	合庫金       	20130108	     8126666	      132058	   10.65
5880   	合庫金       	20130109	     8126666	      132058	   10.65
5880   	合庫金       	20130110	     8126666	      134089	   10.82
5880   	合庫金       	20130111	     8126666	      134089	   10.82
5880   	合庫金       	20130114	     8126666	      134089	   10.82
5880   	合庫金       	20130115	     8126666	      134089	   10.82
5880   	合庫金       	20130116	     8126666	      132870	   10.72
5880   	合庫金       	20130117	     8126666	      132870	   10.72
5880   	合庫金       	20130118	     8126666	      132870	   10.72
5880   	合庫金       	20130121	     8126666	      133277	   10.75
5880   	合庫金       	20130122	     8126666	      133277	   10.75
5880   	合庫金       	20130123	     8126666	      133277	   10.75
5880   	合庫金       	20130124	     8126666	      132870	   10.72
5880   	合庫金       	20130125	     8126666	      132058	   10.65
5880   	合庫金       	20130128	     8126666	      132870	   10.72
5880   	合庫金       	20130129	     8126666	      133277	   10.75
5880   	合庫金       	20130130	     8126666	      133683	   10.78
5880   	合庫金       	20130131	     8126666	      133683	   10.78
5880   	合庫金       	20130201	     8126666	      134902	   10.88
5880   	合庫金       	20130204	     8126666	      138153	   11.14
5880   	合庫金       	20130205	     8126666	      138559	   11.18
5880   	合庫金       	20130206	     8126666	      138559	   11.18
5880   	合庫金       	20130218	     8126666	      138965	   11.21
5880   	合庫金       	20130219	     8126666	      138965	   11.21
5880   	合庫金       	20130220	     8126666	      141403	   11.41
5880   	合庫金       	20130221	     8126666	      140184	   11.31
5880   	合庫金       	20130222	     8126666	      140184	   11.31
5880   	合庫金       	20130223	     8126666	      140184	   11.31
5880   	合庫金       	20130225	     8126666	      139372	   11.24
5880   	合庫金       	20130226	     8126666	      139372	   11.24
5880   	合庫金       	20130227	     8126666	      138153	   11.14
5880   	合庫金       	20130301	     8126666	      138965	   11.21
5880   	合庫金       	20130304	     8126666	      137340	   11.08
5880   	合庫金       	20130305	     8126666	      138153	   11.14
5880   	合庫金       	20130306	     8126666	      138559	   11.18
5880   	合庫金       	20130307	     8126666	      138965	   11.21
5880   	合庫金       	20130308	     8126666	      140184	   11.31
5880   	合庫金       	20130311	     8126666	      140184	   11.31
5880   	合庫金       	20130312	     8126666	      138965	   11.21
5880   	合庫金       	20130313	     8126666	      138559	   11.18
5880   	合庫金       	20130314	     8126666	      138965	   11.21
5880   	合庫金       	20130315	     8126666	      136934	   11.04
5880   	合庫金       	20130318	     8126666	      136527	   11.01
5880   	合庫金       	20130319	     8126666	      136121	   10.98
5880   	合庫金       	20130320	     8126666	      136121	   10.98
5880   	合庫金       	20130321	     8126666	      135715	   10.95
5880   	合庫金       	20130322	     8126666	      134902	   10.88
5880   	合庫金       	20130325	     8126666	      137340	   11.08
5880   	合庫金       	20130326	     8126666	      137746	   11.11
5880   	合庫金       	20130327	     8126666	      138559	   11.18
5880   	合庫金       	20130328	     8126666	      138559	   11.18
5880   	合庫金       	20130329	     8126666	      138965	   11.21
5880   	合庫金       	20130401	     8126666	      138153	   11.14
5880   	合庫金       	20130402	     8126666	      137746	   11.11
5880   	合庫金       	20130403	     8126666	      138153	   11.14
5880   	合庫金       	20130408	     8126666	      135715	   10.95
5880   	合庫金       	20130409	     8126666	      135715	   10.95
5880   	合庫金       	20130410	     8126666	      136121	   10.98
5880   	合庫金       	20130411	     8126666	      136934	   11.04
5880   	合庫金       	20130412	     8126666	      136934	   11.04
5880   	合庫金       	20130415	     8126666	      136934	   11.04
5880   	合庫金       	20130416	     8126666	      136527	   11.01
5880   	合庫金       	20130417	     8126666	      135308	   10.91
5880   	合庫金       	20130418	     8126666	      134902	   10.88
5880   	合庫金       	20130419	     8126666	      135715	   10.95
5880   	合庫金       	20130422	     8126666	      136527	   11.01
5880   	合庫金       	20130423	     8126666	      136527	   11.01
5880   	合庫金       	20130424	     8126666	      136527	   11.01
5880   	合庫金       	20130425	     8126666	      136934	   11.04
5880   	合庫金       	20130426	     8126666	      137340	   11.08
5880   	合庫金       	20130429	     8126666	      136934	   11.04
5880   	合庫金       	20130430	     8126666	      137746	   11.11
5880   	合庫金       	20130502	     8126666	      137746	   11.11
5880   	合庫金       	20130503	     8126666	      137746	   11.11
5880   	合庫金       	20130506	     8126666	      138153	   11.14
5880   	合庫金       	20130507	     8126666	      138153	   11.14
5880   	合庫金       	20130508	     8126666	      138559	   11.18
5880   	合庫金       	20130509	     8126666	      138965	   11.21
5880   	合庫金       	20130510	     8126666	      138559	   11.18
5880   	合庫金       	20130513	     8126666	      137746	   11.11
5880   	合庫金       	20130514	     8126666	      138153	   11.14
5880   	合庫金       	20130515	     8126666	      138965	   11.21
5880   	合庫金       	20130516	     8126666	      140591	   11.34
5880   	合庫金       	20130517	     8126666	      140591	   11.34
5880   	合庫金       	20130520	     8126666	      140184	   11.31
5880   	合庫金       	20130521	     8126666	      140997	   11.37
5880   	合庫金       	20130522	     8126666	      141403	   11.41
5880   	合庫金       	20130523	     8126666	      139372	   11.24
5880   	合庫金       	20130524	     8126666	      138153	   11.14
5880   	合庫金       	20130527	     8126666	      138965	   11.21
5880   	合庫金       	20130528	     8126666	      139778	   11.27
5880   	合庫金       	20130529	     8126666	      140591	   11.34
5880   	合庫金       	20130530	     8126666	      138965	   11.21
5880   	合庫金       	20130531	     8126666	      140997	   11.37
5880   	合庫金       	20130603	     8126666	      138965	   11.21
5880   	合庫金       	20130604	     8126666	      138559	   11.18
5880   	合庫金       	20130605	     8126666	      139372	   11.24
5880   	合庫金       	20130606	     8126666	      137746	   11.11
5880   	合庫金       	20130607	     8126666	      137746	   11.11
5880   	合庫金       	20130610	     8126666	      137746	   11.11
5880   	合庫金       	20130611	     8126666	      137746	   11.11
5880   	合庫金       	20130613	     8126666	      135715	   10.95
5880   	合庫金       	20130614	     8126666	      135715	   10.95
5880   	合庫金       	20130617	     8126666	      135715	   10.95
5880   	合庫金       	20130618	     8126666	      136934	   11.04
5880   	合庫金       	20130619	     8126666	      136527	   11.01
5880   	合庫金       	20130620	     8126666	      134496	   10.85
5880   	合庫金       	20130621	     8126666	      132464	   10.68
5880   	合庫金       	20130624	     8126666	      132870	   10.72
5880   	合庫金       	20130625	     8126666	      131245	   10.59
5880   	合庫金       	20130626	     8126666	      132870	   10.72
5880   	合庫金       	20130627	     8126666	      132870	   10.72
5880   	合庫金       	20130628	     8126666	      134902	   10.88
5880   	合庫金       	20130701	     8126666	      134496	   10.85
5880   	合庫金       	20130702	     8126666	      134496	   10.85
5880   	合庫金       	20130703	     8126666	      133683	   10.78
5880   	合庫金       	20130704	     8126666	      132870	   10.72
5880   	合庫金       	20130705	     8126666	      134089	   10.82
5880   	合庫金       	20130708	     8126666	      133277	   10.75
5880   	合庫金       	20130709	     8126666	      134496	   10.85
5880   	合庫金       	20130710	     8126666	      134902	   10.88
5880   	合庫金       	20130711	     8126666	      136527	   11.01
5880   	合庫金       	20130712	     8126666	      137746	   11.11
5880   	合庫金       	20130715	     8126666	      138153	   11.14
5880   	合庫金       	20130716	     8126666	      138559	   11.18
5880   	合庫金       	20130717	     8126666	      139778	   11.27
5880   	合庫金       	20130718	     8126666	      139778	   11.27
5880   	合庫金       	20130719	     8126666	      139372	   11.24
5880   	合庫金       	20130722	     8126666	      138965	   11.21
5880   	合庫金       	20130723	     8126666	      139778	   11.27
5880   	合庫金       	20130724	     8126666	      139778	   11.27
5880   	合庫金       	20130725	     8126666	      139372	   11.24
5880   	合庫金       	20130726	     8126666	      139778	   11.27
5880   	合庫金       	20130729	     8126666	      138965	   11.21
5880   	合庫金       	20130730	     8126666	      139372	   11.24
5880   	合庫金       	20130731	     8126666	      139372	   11.24
5880   	合庫金       	20130801	     8126666	      138965	   11.21
5880   	合庫金       	20130802	     8126666	      139372	   11.24
5880   	合庫金       	20130805	     8126666	      138965	   11.21
5880   	合庫金       	20130806	     8126666	      138965	   11.21
5880   	合庫金       	20130807	     8126666	      138965	   11.21
5880   	合庫金       	20130808	     8126666	      137746	   11.11
5880   	合庫金       	20130809	     8126666	      136934	   11.04
5880   	合庫金       	20130812	     8126666	      137746	   11.11
5880   	合庫金       	20130813	     8126666	      137746	   11.11
5880   	合庫金       	20130814	     8614266	      136105	   11.25
5880   	合庫金       	20130815	     8614266	      135674	   11.21
5880   	合庫金       	20130816	     8614266	      135243	   11.17
5880   	合庫金       	20130819	     8614266	      135243	   11.17
5880   	合庫金       	20130820	     8614266	      135243	   11.17
5880   	合庫金       	20130822	     8614266	      133951	   11.07
5880   	合庫金       	20130823	     8614266	      134813	   11.14
5880   	合庫金       	20130826	     8614266	      135243	   11.17
5880   	合庫金       	20130827	     8614266	      134382	   11.10
5880   	合庫金       	20130828	     8614266	      135243	   11.17
5880   	合庫金       	20130829	     8614266	      135674	   11.21
5880   	合庫金       	20130830	     8614266	      137828	   11.39
5880   	合庫金       	20130902	     8614266	      136966	   11.32
5880   	合庫金       	20130903	     8614266	      138258	   11.42
5880   	合庫金       	20130904	     8614266	      138258	   11.42
5880   	合庫金       	20130905	     8614266	      139120	   11.49
5880   	合庫金       	20130906	     8614266	      138689	   11.46
5880   	合庫金       	20130909	     8614266	      138689	   11.46
5880   	合庫金       	20130910	     8614266	      139551	   11.53
5880   	合庫金       	20130911	     8614266	      139981	   11.57
5880   	合庫金       	20130912	     8614266	      140412	   11.60
5880   	合庫金       	20130913	     8614266	      139981	   11.57
5880   	合庫金       	20130914	     8614266	      139551	   11.53
5880   	合庫金       	20130916	     8614266	      140412	   11.60
5880   	合庫金       	20130917	     8614266	      141273	   11.67
5880   	合庫金       	20130918	     8614266	      140843	   11.64
5880   	合庫金       	20130923	     8614266	      142996	   11.82
5880   	合庫金       	20130924	     8614266	      142135	   11.74
5880   	合庫金       	20130925	     8614266	      142566	   11.78
5880   	合庫金       	20130926	     8614266	      140412	   11.60
5880   	合庫金       	20130927	     8614266	      140843	   11.64
5880   	合庫金       	20130930	     8614266	      139981	   11.57
5880   	合庫金       	20131001	     8614266	      139551	   11.53
5880   	合庫金       	20131002	     8614266	      139551	   11.53
5880   	合庫金       	20131003	     8614266	      141273	   11.67
5880   	合庫金       	20131004	     8614266	      141273	   11.67
5880   	合庫金       	20131007	     8614266	      141273	   11.67
5880   	合庫金       	20131008	     8614266	      142996	   11.82
5880   	合庫金       	20131009	     8614266	      142135	   11.74
5880   	合庫金       	20131011	     8614266	      142566	   11.78
5880   	合庫金       	20131014	     8614266	      141273	   11.67
5880   	合庫金       	20131015	     8614266	      142135	   11.74
5880   	合庫金       	20131016	     8614266	      141273	   11.67
5880   	合庫金       	20131017	     8614266	      141704	   11.71
5880   	合庫金       	20131018	     8614266	      141704	   11.71
5880   	合庫金       	20131021	     8614266	      141273	   11.67
5880   	合庫金       	20131022	     8614266	      141273	   11.67
5880   	合庫金       	20131023	     8614266	      141273	   11.67
5880   	合庫金       	20131024	     8614266	      142135	   11.74
5880   	合庫金       	20131025	     8614266	      140843	   11.64
5880   	合庫金       	20131028	     8614266	      141273	   11.67
5880   	合庫金       	20131029	     8614266	      141273	   11.67
5880   	合庫金       	20131030	     8614266	      141704	   11.71
5880   	合庫金       	20131031	     8614266	      142135	   11.74
5880   	合庫金       	20131101	     8614266	      141273	   11.67
5880   	合庫金       	20131104	     8614266	      140412	   11.60
5880   	合庫金       	20131105	     8614266	      140843	   11.64
5880   	合庫金       	20131106	     8614266	      140412	   11.60
5880   	合庫金       	20131107	     8614266	      140843	   11.64
5880   	合庫金       	20131108	     8614266	      140843	   11.64
5880   	合庫金       	20131111	     8614266	      140843	   11.64
5880   	合庫金       	20131112	     8614266	      139981	   11.57
5880   	合庫金       	20131113	     8614266	      138689	   11.46
5880   	合庫金       	20131114	     8614266	      138689	   11.46
5880   	合庫金       	20131115	     8614266	      139551	   11.53
5880   	合庫金       	20131118	     8614266	      138689	   11.46
5880   	合庫金       	20131119	     8614266	      139551	   11.53
5880   	合庫金       	20131120	     8614266	      138258	   11.42
5880   	合庫金       	20131121	     8614266	      137828	   11.39
5880   	合庫金       	20131122	     8614266	      139120	   11.49
5880   	合庫金       	20131125	     8614266	      139981	   11.57
5880   	合庫金       	20131126	     8614266	      139551	   11.53
5880   	合庫金       	20131127	     8614266	      140412	   11.60
5880   	合庫金       	20131128	     8614266	      140843	   11.64
5880   	合庫金       	20131129	     8614266	      140843	   11.64
5880   	合庫金       	20131202	     8614266	      140412	   11.60
5880   	合庫金       	20131203	     8614266	      139981	   11.57
5880   	合庫金       	20131204	     8614266	      140843	   11.64
5880   	合庫金       	20131205	     8614266	      139981	   11.57
5880   	合庫金       	20131206	     8614266	      139981	   11.57
5880   	合庫金       	20131209	     8614266	      140843	   11.64
5880   	合庫金       	20131210	     8614266	      141273	   11.67
5880   	合庫金       	20131211	     8614266	      141273	   11.67
5880   	合庫金       	20131212	     8614266	      139981	   11.57
5880   	合庫金       	20131213	     8614266	      140843	   11.64
5880   	合庫金       	20131216	     8614266	      139981	   11.57
5880   	合庫金       	20131217	     8614266	      139981	   11.57
5880   	合庫金       	20131218	     8614266	      140412	   11.60
5880   	合庫金       	20131219	     8614266	      140843	   11.64
5880   	合庫金       	20131220	     8614266	      140843	   11.64
5880   	合庫金       	20131223	     8614266	      139981	   11.57
5880   	合庫金       	20131224	     8614266	      139981	   11.57
5880   	合庫金       	20131225	     8614266	      140412	   11.60
5880   	合庫金       	20131226	     8614266	      140412	   11.60
5880   	合庫金       	20131227	     8614266	      140843	   11.64
5880   	合庫金       	20131230	     8614266	      142135	   11.74
5880   	合庫金       	20131231	     8614266	      140412	   11.60
5880   	合庫金       	20140102	     8614266	      140843	   11.64
5880   	合庫金       	20140103	     8614266	      139981	   11.57
5880   	合庫金       	20140106	     8614266	      139981	   11.57
5880   	合庫金       	20140107	     8614266	      139981	   11.57
5880   	合庫金       	20140108	     8614266	      139981	   11.57
5880   	合庫金       	20140109	     8614266	      140843	   11.64
5880   	合庫金       	20140110	     8614266	      141273	   11.67
5880   	合庫金       	20140113	     8614266	      140843	   11.64
5880   	合庫金       	20140114	     8614266	      141273	   11.67
5880   	合庫金       	20140115	     8614266	      140843	   11.64
5880   	合庫金       	20140116	     8614266	      140843	   11.64
5880   	合庫金       	20140117	     8614266	      140412	   11.60
5880   	合庫金       	20140120	     8614266	      141273	   11.67
5880   	合庫金       	20140121	     8614266	      140412	   11.60
5880   	合庫金       	20140122	     8614266	      141273	   11.67
5880   	合庫金       	20140123	     8614266	      140843	   11.64
5880   	合庫金       	20140124	     8614266	      141704	   11.71
5880   	合庫金       	20140127	     8614266	      140843	   11.64
5880   	合庫金       	20140205	     8614266	      138689	   11.46
5880   	合庫金       	20140206	     8614266	      138258	   11.42
5880   	合庫金       	20140207	     8614266	      138258	   11.42
5880   	合庫金       	20140210	     8614266	      138689	   11.46
5880   	合庫金       	20140211	     8614266	      138689	   11.46
5880   	合庫金       	20140212	     8614266	      139981	   11.57
5880   	合庫金       	20140213	     8614266	      139551	   11.53
5880   	合庫金       	20140214	     8614266	      139981	   11.57
5880   	合庫金       	20140217	     8614266	      139981	   11.57
5880   	合庫金       	20140218	     8614266	      140843	   11.64
5880   	合庫金       	20140219	     8614266	      140843	   11.64
5880   	合庫金       	20140220	     8614266	      139981	   11.57
5880   	合庫金       	20140221	     8614266	      140843	   11.64
5880   	合庫金       	20140224	     8614266	      140412	   11.60
5880   	合庫金       	20140225	     8614266	      139551	   11.53
5880   	合庫金       	20140226	     8614266	      139120	   11.49
5880   	合庫金       	20140227	     8614266	      141273	   11.67
5880   	合庫金       	20140303	     8614266	      139551	   11.53
5880   	合庫金       	20140304	     8614266	      139120	   11.49
5880   	合庫金       	20140305	     8614266	      139120	   11.49
5880   	合庫金       	20140306	     8614266	      139981	   11.57
5880   	合庫金       	20140307	     8614266	      139981	   11.57
5880   	合庫金       	20140310	     8614266	      139551	   11.53
5880   	合庫金       	20140311	     8614266	      138689	   11.46
5880   	合庫金       	20140312	     8614266	      139120	   11.49
5880   	合庫金       	20140313	     8614266	      138689	   11.46
5880   	合庫金       	20140314	     8614266	      138689	   11.46
5880   	合庫金       	20140317	     8614266	      139120	   11.49
5880   	合庫金       	20140318	     8614266	      139120	   11.49
5880   	合庫金       	20140319	     8614266	      138258	   11.42
5880   	合庫金       	20140320	     8614266	      137397	   11.35
5880   	合庫金       	20140321	     8614266	      138689	   11.46
5880   	合庫金       	20140324	     8614266	      138258	   11.42
5880   	合庫金       	20140325	     8614266	      138689	   11.46
5880   	合庫金       	20140326	     8614266	      139120	   11.49
5880   	合庫金       	20140327	     8614266	      138258	   11.42
5880   	合庫金       	20140328	     8614266	      139120	   11.49
5880   	合庫金       	20140331	     8614266	      140412	   11.60
5880   	合庫金       	20140401	     8614266	      140843	   11.64
5880   	合庫金       	20140402	     8614266	      140412	   11.60
5880   	合庫金       	20140403	     8614266	      140843	   11.64
5880   	合庫金       	20140407	     8614266	      140843	   11.64
5880   	合庫金       	20140408	     8614266	      141273	   11.67
5880   	合庫金       	20140409	     8614266	      141273	   11.67
5880   	合庫金       	20140410	     8614266	      141704	   11.71
5880   	合庫金       	20140411	     8614266	      141273	   11.67
5880   	合庫金       	20140414	     8614266	      140843	   11.64
5880   	合庫金       	20140415	     8614266	      140843	   11.64
5880   	合庫金       	20140416	     8614266	      140412	   11.60
5880   	合庫金       	20140417	     8614266	      141273	   11.67
5880   	合庫金       	20140418	     8614266	      141704	   11.71
5880   	合庫金       	20140421	     8614266	      141273	   11.67
5880   	合庫金       	20140422	     8614266	      141273	   11.67
5880   	合庫金       	20140423	     8614266	      140412	   11.60
5880   	合庫金       	20140424	     8614266	      140412	   11.60
5880   	合庫金       	20140425	     8614266	      139551	   11.53
5880   	合庫金       	20140428	     8614266	      139120	   11.49
5880   	合庫金       	20140429	     8614266	      139981	   11.57
5880   	合庫金       	20140430	     8614266	      138258	   11.42
5880   	合庫金       	20140502	     8614266	      139551	   11.53
5880   	合庫金       	20140505	     8614266	      139120	   11.49
5880   	合庫金       	20140506	     8614266	      139981	   11.57
5880   	合庫金       	20140507	     8614266	      139981	   11.57
5880   	合庫金       	20140508	     8614266	      140412	   11.60
5880   	合庫金       	20140509	     8614266	      140412	   11.60
5880   	合庫金       	20140512	     8614266	      139551	   11.53
5880   	合庫金       	20140513	     8614266	      139120	   11.49
5880   	合庫金       	20140514	     8614266	      140412	   11.60
5880   	合庫金       	20140515	     8614266	      140412	   11.60
5880   	合庫金       	20140516	     8614266	      140412	   11.60
5880   	合庫金       	20140519	     8614266	      140843	   11.64
5880   	合庫金       	20140520	     8614266	      139551	   11.53
5880   	合庫金       	20140521	     8614266	      139981	   11.57
5880   	合庫金       	20140522	     8614266	      140843	   11.64
5880   	合庫金       	20140523	     8614266	      140843	   11.64
5880   	合庫金       	20140526	     8614266	      140843	   11.64
5880   	合庫金       	20140527	     8614266	      141273	   11.67
5880   	合庫金       	20140528	     8614266	      142566	   11.78
5880   	合庫金       	20140529	     8614266	      142135	   11.74
5880   	合庫金       	20140530	     8614266	      141704	   11.71
5880   	合庫金       	20140603	     8614266	      142566	   11.78
5880   	合庫金       	20140604	     8614266	      142135	   11.74
5880   	合庫金       	20140605	     8614266	      141704	   11.71
5880   	合庫金       	20140606	     8614266	      142135	   11.74
5880   	合庫金       	20140609	     8614266	      142566	   11.78
5880   	合庫金       	20140610	     8614266	      142996	   11.82
5880   	合庫金       	20140611	     8614266	      142996	   11.82
5880   	合庫金       	20140612	     8614266	      142996	   11.82
5880   	合庫金       	20140613	     8614266	      143427	   11.85
5880   	合庫金       	20140616	     8614266	      143858	   11.89
5880   	合庫金       	20140617	     8614266	      145150	   11.99
5880   	合庫金       	20140618	     8614266	      145150	   11.99
5880   	合庫金       	20140619	     8614266	      144288	   11.92
5880   	合庫金       	20140620	     8614266	      144288	   11.92
5880   	合庫金       	20140623	     8614266	      144288	   11.92
5880   	合庫金       	20140624	     8614266	      144719	   11.96
5880   	合庫金       	20140625	     8614266	      145581	   12.03
5880   	合庫金       	20140626	     8614266	      146442	   12.10
5880   	合庫金       	20140627	     8614266	      146873	   12.14
5880   	合庫金       	20140630	     8614266	      147303	   12.17
5880   	合庫金       	20140701	     8614266	      146873	   12.14
5880   	合庫金       	20140702	     8614266	      147303	   12.17
5880   	合庫金       	20140703	     8614266	      146442	   12.10
5880   	合庫金       	20140704	     8614266	      146873	   12.14
5880   	合庫金       	20140707	     8614266	      146442	   12.10
5880   	合庫金       	20140708	     8614266	      146873	   12.14
5880   	合庫金       	20140709	     8614266	      147734	   12.21
5880   	合庫金       	20140710	     8614266	      149457	   12.35
5880   	合庫金       	20140711	     8614266	      148165	   12.24
5880   	合庫金       	20140714	     8614266	      149026	   12.31
5880   	合庫金       	20140715	     8614266	      149888	   12.38
5880   	合庫金       	20140716	     8614266	      149457	   12.35
5880   	合庫金       	20140717	     8614266	      150749	   12.46
5880   	合庫金       	20140718	     8614266	      150749	   12.46
5880   	合庫金       	20140721	     8614266	      150749	   12.46
5880   	合庫金       	20140722	     8614266	      151611	   12.53
5880   	合庫金       	20140724	     8614266	      152041	   12.56
5880   	合庫金       	20140725	     8614266	      152903	   12.63
5880   	合庫金       	20140728	     8614266	      155918	   12.88
5880   	合庫金       	20140729	     8614266	      154195	   12.74
5880   	合庫金       	20140730	     8614266	      155918	   12.88
5880   	合庫金       	20140731	     8614266	      154195	   12.74
5880   	合庫金       	20140801	     8614266	      152903	   12.63
5880   	合庫金       	20140804	     8614266	      151611	   12.53
5880   	合庫金       	20140805	     8614266	      149026	   12.31
5880   	合庫金       	20140806	     8614266	      151180	   12.49
5880   	合庫金       	20140807	     8614266	      151180	   12.49
5880   	合庫金       	20140808	     8614266	      150749	   12.46
5880   	合庫金       	20140811	     8614266	      150749	   12.46
5880   	合庫金       	20140812	     8614266	      151180	   12.49
5880   	合庫金       	20140813	     8614266	      152903	   12.63
5880   	合庫金       	20140814	     8614266	      152041	   12.56
5880   	合庫金       	20140815	     8614266	      151180	   12.49
5880   	合庫金       	20140818	     8614266	      150318	   12.42
5880   	合庫金       	20140819	     9044980	      148337	   12.62
5880   	合庫金       	20140820	     9044980	      150598	   12.81
5880   	合庫金       	20140821	     9044980	      151955	   12.93
5880   	合庫金       	20140822	     9044980	      153312	   13.04
5880   	合庫金       	20140825	     9044980	      152860	   13.00
5880   	合庫金       	20140826	     9044980	      152860	   13.00
5880   	合庫金       	20140827	     9044980	      152407	   12.97
5880   	合庫金       	20140828	     9044980	      152407	   12.97
5880   	合庫金       	20140829	     9044980	      151051	   12.85
5880   	合庫金       	20140901	     9044980	      151503	   12.89
5880   	合庫金       	20140902	     9044980	      151503	   12.89
5880   	合庫金       	20140903	     9044980	      151955	   12.93
5880   	合庫金       	20140904	     9044980	      152407	   12.97
5880   	合庫金       	20140905	     9044980	      152407	   12.97
5880   	合庫金       	20140909	     9044980	      152407	   12.97
5880   	合庫金       	20140910	     9044980	      151955	   12.93
5880   	合庫金       	20140911	     9044980	      152860	   13.00
5880   	合庫金       	20140912	     9044980	      152407	   12.97
5880   	合庫金       	20140915	     9044980	      150598	   12.81
5880   	合庫金       	20140916	     9044980	      149694	   12.74
5880   	合庫金       	20140917	     9044980	      150146	   12.77
5880   	合庫金       	20140918	     9044980	      150598	   12.81
5880   	合庫金       	20140919	     9044980	      150146	   12.77
5880   	合庫金       	20140922	     9044980	      149242	   12.70
5880   	合庫金       	20140923	     9044980	      148789	   12.66
5880   	合庫金       	20140924	     9044980	      148789	   12.66
5880   	合庫金       	20140925	     9044980	      148337	   12.62
5880   	合庫金       	20140926	     9044980	      147885	   12.58
5880   	合庫金       	20140929	     9044980	      147885	   12.58
5880   	合庫金       	20140930	     9044980	      148337	   12.62
5880   	合庫金       	20141001	     9044980	      147433	   12.54
5880   	合庫金       	20141002	     9044980	      146076	   12.43
5880   	合庫金       	20141003	     9044980	      148337	   12.62
5880   	合庫金       	20141006	     9044980	      146528	   12.47
5880   	合庫金       	20141007	     9044980	      146076	   12.43
5880   	合庫金       	20141008	     9044980	      146980	   12.50
5880   	合庫金       	20141009	     9044980	      147433	   12.54
5880   	合庫金       	20141013	     9044980	      145171	   12.35
5880   	合庫金       	20141014	     9044980	      146076	   12.43
5880   	合庫金       	20141015	     9044980	      144267	   12.27
5880   	合庫金       	20141016	     9044980	      143815	   12.24
5880   	合庫金       	20141017	     9044980	      142910	   12.16
5880   	合庫金       	20141020	     9044980	      144267	   12.27
5880   	合庫金       	20141021	     9044980	      144267	   12.27
5880   	合庫金       	20141022	     9044980	      144719	   12.31
5880   	合庫金       	20141023	     9044980	      145171	   12.35
5880   	合庫金       	20141024	     9044980	      144719	   12.31
5880   	合庫金       	20141027	     9044980	      145171	   12.35
5880   	合庫金       	20141028	     9044980	      146076	   12.43
5880   	合庫金       	20141029	     9044980	      146528	   12.47
5880   	合庫金       	20141030	     9044980	      146528	   12.47
5880   	合庫金       	20141031	     9044980	      146980	   12.50
5880   	合庫金       	20141103	     9044980	      146076	   12.43
5880   	合庫金       	20141104	     9044980	      146076	   12.43
5880   	合庫金       	20141105	     9044980	      146980	   12.50
5880   	合庫金       	20141106	     9044980	      146980	   12.50
5880   	合庫金       	20141107	     9044980	      146076	   12.43
5880   	合庫金       	20141110	     9044980	      147433	   12.54
5880   	合庫金       	20141111	     9044980	      147433	   12.54
5880   	合庫金       	20141112	     9044980	      145624	   12.39
5880   	合庫金       	20141113	     9044980	      146980	   12.50
5880   	合庫金       	20141114	     9044980	      146980	   12.50
5880   	合庫金       	20141117	     9044980	      146528	   12.47
5880   	合庫金       	20141118	     9044980	      146980	   12.50
5880   	合庫金       	20141119	     9044980	      147885	   12.58
5880   	合庫金       	20141120	     9044980	      148337	   12.62
5880   	合庫金       	20141121	     9044980	      146528	   12.47
5880   	合庫金       	20141124	     9044980	      147885	   12.58
5880   	合庫金       	20141125	     9044980	      146528	   12.47
5880   	合庫金       	20141126	     9044980	      146980	   12.50
5880   	合庫金       	20141127	     9044980	      146980	   12.50
5880   	合庫金       	20141128	     9044980	      147433	   12.54
5880   	合庫金       	20141201	     9044980	      145624	   12.39
5880   	合庫金       	20141202	     9044980	      145624	   12.39
5880   	合庫金       	20141203	     9044980	      146980	   12.50
5880   	合庫金       	20141204	     9044980	      147433	   12.54
5880   	合庫金       	20141205	     9044980	      147885	   12.58
5880   	合庫金       	20141208	     9044980	      147885	   12.58
5880   	合庫金       	20141209	     9044980	      147885	   12.58
5880   	合庫金       	20141210	     9044980	      146980	   12.50
5880   	合庫金       	20141211	     9044980	      145624	   12.39
5880   	合庫金       	20141212	     9044980	      145624	   12.39
5880   	合庫金       	20141215	     9044980	      145171	   12.35
5880   	合庫金       	20141216	     9044980	      145624	   12.39
5880   	合庫金       	20141217	     9044980	      144267	   12.27
5880   	合庫金       	20141218	     9044980	      144719	   12.31
5880   	合庫金       	20141219	     9044980	      146528	   12.47
5880   	合庫金       	20141222	     9044980	      146528	   12.47
5880   	合庫金       	20141223	     9044980	      146076	   12.43
5880   	合庫金       	20141224	     9044980	      146528	   12.47
5880   	合庫金       	20141225	     9044980	      146528	   12.47
5880   	合庫金       	20141226	     9044980	      146980	   12.50
5880   	合庫金       	20141227	     9044980	      146980	   12.50
5880   	合庫金       	20141229	     9044980	      146528	   12.47
5880   	合庫金       	20141230	     9044980	      146528	   12.47
5880   	合庫金       	20141231	     9044980	      147433	   12.54
5880   	合庫金       	20150105	     9044980	      145624	   12.39
5880   	合庫金       	20150106	     9044980	      144719	   12.31
5880   	合庫金       	20150107	     9044980	      144719	   12.31
5880   	合庫金       	20150108	     9044980	      146076	   12.43
5880   	合庫金       	20150109	     9044980	      146528	   12.47
5880   	合庫金       	20150112	     9044980	      145624	   12.39
5880   	合庫金       	20150113	     9044980	      146980	   12.50
5880   	合庫金       	20150114	     9044980	      145171	   12.35
5880   	合庫金       	20150115	     9044980	      145171	   12.35
5880   	合庫金       	20150116	     9044980	      146076	   12.43
5880   	合庫金       	20150119	     9044980	      146076	   12.43
5880   	合庫金       	20150120	     9044980	      145624	   12.39
5880   	合庫金       	20150121	     9044980	      146528	   12.47
5880   	合庫金       	20150122	     9044980	      146076	   12.43
5880   	合庫金       	20150123	     9044980	      146980	   12.50
5880   	合庫金       	20150126	     9044980	      146528	   12.47
5880   	合庫金       	20150127	     9044980	      146980	   12.50
5880   	合庫金       	20150128	     9044980	      146528	   12.47
5880   	合庫金       	20150129	     9044980	      146528	   12.47
5880   	合庫金       	20150130	     9044980	      147433	   12.54
5880   	合庫金       	20150202	    10544980	      170301	   12.62
5880   	合庫金       	20150203	    10544980	      169774	   12.58
5880   	合庫金       	20150204	    10544980	      170301	   12.62
5880   	合庫金       	20150205	    10544980	      170301	   12.62
5880   	合庫金       	20150206	    10544980	      170301	   12.62
5880   	合庫金       	20150209	    10544980	      170301	   12.62
5880   	合庫金       	20150210	    10544980	      170301	   12.62
5880   	合庫金       	20150211	    10544980	      170301	   12.62
5880   	合庫金       	20150212	    10544980	      170301	   12.62
5880   	合庫金       	20150213	    10544980	      169774	   12.58
5880   	合庫金       	20150224	    10544980	      169774	   12.58
5880   	合庫金       	20150225	    10544980	      170301	   12.62
5880   	合庫金       	20150226	    10544980	      170301	   12.62
5880   	合庫金       	20150302	    10544980	      170301	   12.62
5880   	合庫金       	20150303	    10544980	      169774	   12.58
5880   	合庫金       	20150304	    10544980	      169774	   12.58
5880   	合庫金       	20150305	    10544980	      169246	   12.54
5880   	合庫金       	20150306	    10544980	      169774	   12.58
5880   	合庫金       	20150309	    10544980	      169246	   12.54
5880   	合庫金       	20150310	    10544980	      168719	   12.50
5880   	合庫金       	20150311	    10544980	      168192	   12.47
5880   	合庫金       	20150312	    10544980	      168719	   12.50
5880   	合庫金       	20150313	    10544980	      168192	   12.47
5880   	合庫金       	20150316	    10544980	      167665	   12.43
5880   	合庫金       	20150317	    10544980	      168192	   12.47
5880   	合庫金       	20150318	    10544980	      168192	   12.47
5880   	合庫金       	20150319	    10544980	      168192	   12.47
5880   	合庫金       	20150320	    10544980	      168192	   12.47
5880   	合庫金       	20150323	    10544980	      168192	   12.47
5880   	合庫金       	20150324	    10544980	      169246	   12.54
5880   	合庫金       	20150325	    10544980	      168192	   12.47
5880   	合庫金       	20150326	    10544980	      169246	   12.54
5880   	合庫金       	20150327	    10544980	      166610	   12.35
5880   	合庫金       	20150330	    10544980	      166610	   12.35
5880   	合庫金       	20150331	    10544980	      167137	   12.39
5880   	合庫金       	20150401	    10544980	      166610	   12.35
5880   	合庫金       	20150402	    10544980	      168192	   12.47
5880   	合庫金       	20150407	    10544980	      168719	   12.50
5880   	合庫金       	20150408	    10544980	      167665	   12.43
5880   	合庫金       	20150409	    10544980	      168719	   12.50
5880   	合庫金       	20150410	    10544980	      168719	   12.50
5880   	合庫金       	20150413	    10544980	      168719	   12.50
5880   	合庫金       	20150414	    10544980	      168192	   12.47
5880   	合庫金       	20150415	    10544980	      167665	   12.43
5880   	合庫金       	20150416	    10544980	      168719	   12.50
5880   	合庫金       	20150417	    10544980	      168719	   12.50
5880   	合庫金       	20150420	    10544980	      169246	   12.54
5880   	合庫金       	20150421	    10544980	      169246	   12.54
5880   	合庫金       	20150422	    10544980	      169246	   12.54
5880   	合庫金       	20150423	    10544980	      171355	   12.70
5880   	合庫金       	20150424	    10544980	      172410	   12.78
5880   	合庫金       	20150427	    10544980	      176628	   13.09
5880   	合庫金       	20150428	    10544980	      177155	   13.13
5880   	合庫金       	20150429	    10544980	      175046	   12.97
5880   	合庫金       	20150430	    10544980	      174519	   12.93
5880   	合庫金       	20150504	    10544980	      175046	   12.97
5880   	合庫金       	20150505	    10544980	      175046	   12.97
5880   	合庫金       	20150506	    10544980	      174519	   12.93
5880   	合庫金       	20150507	    10544980	      172410	   12.78
5880   	合庫金       	20150508	    10544980	      172410	   12.78
5880   	合庫金       	20150511	    10544980	      171883	   12.74
5880   	合庫金       	20150512	    10544980	      173992	   12.89
5880   	合庫金       	20150513	    10544980	      175573	   13.01
5880   	合庫金       	20150514	    10544980	      172937	   12.82
5880   	合庫金       	20150515	    10544980	      171883	   12.74
5880   	合庫金       	20150518	    10544980	      172937	   12.82
5880   	合庫金       	20150519	    10544980	      173464	   12.86
5880   	合庫金       	20150520	    10544980	      172410	   12.78
5880   	合庫金       	20150521	    10544980	      171883	   12.74
5880   	合庫金       	20150522	    10544980	      172937	   12.82
5880   	合庫金       	20150525	    10544980	      172410	   12.78
5880   	合庫金       	20150526	    10544980	      172937	   12.82
5880   	合庫金       	20150527	    10544980	      172937	   12.82
5880   	合庫金       	20150528	    10544980	      172937	   12.82
5880   	合庫金       	20150529	    10544980	      172410	   12.78
5880   	合庫金       	20150601	    10544980	      171883	   12.74
5880   	合庫金       	20150602	    10544980	      172410	   12.78
5880   	合庫金       	20150603	    10544980	      171883	   12.74
5880   	合庫金       	20150604	    10544980	      169774	   12.58
5880   	合庫金       	20150605	    10544980	      170301	   12.62
5880   	合庫金       	20150608	    10544980	      169774	   12.58
5880   	合庫金       	20150609	    10544980	      168719	   12.50
5880   	合庫金       	20150610	    10544980	      169774	   12.58
5880   	合庫金       	20150611	    10544980	      169774	   12.58
5880   	合庫金       	20150612	    10544980	      169246	   12.54
5880   	合庫金       	20150615	    10544980	      169246	   12.54
5880   	合庫金       	20150616	    10544980	      169246	   12.54
5880   	合庫金       	20150617	    10544980	      169246	   12.54
5880   	合庫金       	20150618	    10544980	      171355	   12.70
5880   	合庫金       	20150622	    10544980	      170301	   12.62
5880   	合庫金       	20150623	    10544980	      169774	   12.58
5880   	合庫金       	20150624	    10544980	      170301	   12.62
5880   	合庫金       	20150625	    10544980	      170828	   12.66
5880   	合庫金       	20150626	    10544980	      170828	   12.66
5880   	合庫金       	20150629	    10544980	      169246	   12.54
5880   	合庫金       	20150630	    10544980	      170301	   12.62
5880   	合庫金       	20150701	    10544980	      170301	   12.62
5880   	合庫金       	20150702	    10544980	      170828	   12.66
5880   	合庫金       	20150703	    10544980	      170828	   12.66
5880   	合庫金       	20150706	    10544980	      169774	   12.58
5880   	合庫金       	20150707	    10544980	      170301	   12.62
5880   	合庫金       	20150708	    10544980	      168719	   12.50
5880   	合庫金       	20150709	    10544980	      167665	   12.43
5880   	合庫金       	20150713	    10544980	      168719	   12.50
5880   	合庫金       	20150714	    10544980	      168719	   12.50
5880   	合庫金       	20150715	    10544980	      169774	   12.58
5880   	合庫金       	20150716	    10544980	      169774	   12.58
5880   	合庫金       	20150717	    10544980	      170301	   12.62
5880   	合庫金       	20150720	    10544980	      170301	   12.62
5880   	合庫金       	20150721	    10544980	      169774	   12.58
5880   	合庫金       	20150722	    10544980	      169246	   12.54
5880   	合庫金       	20150723	    10544980	      169246	   12.54
5880   	合庫金       	20150724	    10544980	      169246	   12.54
5880   	合庫金       	20150727	    10544980	      167137	   12.39
5880   	合庫金       	20150728	    10544980	      167137	   12.39
5880   	合庫金       	20150729	    10544980	      167137	   12.39
5880   	合庫金       	20150730	    10544980	      167665	   12.43
5880   	合庫金       	20150731	    10544980	      167137	   12.39
5880   	合庫金       	20150803	    10544980	      167137	   12.39
5880   	合庫金       	20150804	    10544980	      168719	   12.50
5880   	合庫金       	20150805	    10544980	      168192	   12.47
5880   	合庫金       	20150806	    10544980	      167665	   12.43
5880   	合庫金       	20150807	    10544980	      167665	   12.43
5880   	合庫金       	20150810	    10544980	      167137	   12.39
5880   	合庫金       	20150811	    10544980	      167137	   12.39
5880   	合庫金       	20150812	    10544980	      165028	   12.23
5880   	合庫金       	20150813	    11072229	      160547	   12.30
5880   	合庫金       	20150814	    11072229	      159993	   12.26
5880   	合庫金       	20150817	    11072229	      158332	   12.13
5880   	合庫金       	20150818	    11072229	      153903	   11.79
5880   	合庫金       	20150819	    11072229	      149475	   11.45
5880   	合庫金       	20150820	    11072229	      148367	   11.37
5880   	合庫金       	20150821	    11072229	      147260	   11.28
5880   	合庫金       	20150824	    11072229	      142278	   10.90
5880   	合庫金       	20150825	    11072229	      147814	   11.32
5880   	合庫金       	20150826	    11072229	      148367	   11.37
5880   	合庫金       	20150827	    11072229	      149475	   11.45
5880   	合庫金       	20150828	    11072229	      153350	   11.75
5880   	合庫金       	20150831	    11072229	      152796	   11.70
5880   	合庫金       	20150901	    11072229	      151135	   11.58
5880   	合庫金       	20150902	    11072229	      151135	   11.58
5880   	合庫金       	20150903	    11072229	      151135	   11.58
5880   	合庫金       	20150904	    11072229	      151135	   11.58
5880   	合庫金       	20150907	    11072229	      151689	   11.62
5880   	合庫金       	20150908	    11072229	      151135	   11.58
5880   	合庫金       	20150909	    11072229	      153903	   11.79
5880   	合庫金       	20150910	    11072229	      155564	   11.92
5880   	合庫金       	20150911	    11072229	      153350	   11.75
5880   	合庫金       	20150914	    11072229	      152243	   11.66
5880   	合庫金       	20150915	    11072229	      152796	   11.70
5880   	合庫金       	20150916	    11072229	      153903	   11.79
5880   	合庫金       	20150917	    11072229	      156672	   12.00
5880   	合庫金       	20150918	    11072229	      155564	   11.92
5880   	合庫金       	20150921	    11072229	      153350	   11.75
5880   	合庫金       	20150922	    11072229	      153350	   11.75
5880   	合庫金       	20150923	    11072229	      150582	   11.54
5880   	合庫金       	20150924	    11072229	      148921	   11.41
5880   	合庫金       	20150925	    11072229	      148367	   11.37
5880   	合庫金       	20150930	    11072229	      150582	   11.54
5880   	合庫金       	20151001	    11072229	      149475	   11.45
5880   	合庫金       	20151002	    11072229	      152243	   11.66
5880   	合庫金       	20151005	    11072229	      153350	   11.75
5880   	合庫金       	20151006	    11072229	      155011	   11.87
5880   	合庫金       	20151007	    11072229	      155011	   11.87
5880   	合庫金       	20151008	    11072229	      154457	   11.83
5880   	合庫金       	20151012	    11072229	      157779	   12.09
5880   	合庫金       	20151013	    11072229	      159440	   12.21
5880   	合庫金       	20151014	    11072229	      157225	   12.04
5880   	合庫金       	20151015	    11072229	      157779	   12.09
5880   	合庫金       	20151016	    11072229	      159993	   12.26
5880   	合庫金       	20151019	    11072229	      159993	   12.26
5880   	合庫金       	20151020	    11072229	      160547	   12.30
5880   	合庫金       	20151021	    11072229	      160547	   12.30
5880   	合庫金       	20151022	    11072229	      159993	   12.26
5880   	合庫金       	20151023	    11072229	      160547	   12.30
5880   	合庫金       	20151026	    11072229	      162761	   12.47
5880   	合庫金       	20151027	    11072229	      163315	   12.51
5880   	合庫金       	20151028	    11072229	      163868	   12.55
5880   	合庫金       	20151029	    11072229	      160547	   12.30
5880   	合庫金       	20151030	    11072229	      161100	   12.34
5880   	合庫金       	20151102	    11072229	      161100	   12.34
5880   	合庫金       	20151103	    11072229	      163315	   12.51
5880   	合庫金       	20151104	    11072229	      163868	   12.55
5880   	合庫金       	20151105	    11072229	      164422	   12.60
5880   	合庫金       	20151106	    11072229	      161100	   12.34
5880   	合庫金       	20151109	    11072229	      159440	   12.21
5880   	合庫金       	20151110	    11072229	      156118	   11.96
5880   	合庫金       	20151111	    11072229	      155011	   11.87
5880   	合庫金       	20151112	    11072229	      155011	   11.87
5880   	合庫金       	20151113	    11072229	      153903	   11.79
5880   	合庫金       	20151116	    11072229	      152796	   11.70
5880   	合庫金       	20151117	    11072229	      156118	   11.96
5880   	合庫金       	20151118	    11072229	      153350	   11.75
5880   	合庫金       	20151119	    11072229	      156118	   11.96
5880   	合庫金       	20151120	    11072229	      155011	   11.87
5880   	合庫金       	20151123	    11072229	      154457	   11.83
5880   	合庫金       	20151124	    11072229	      154457	   11.83
5880   	合庫金       	20151125	    11072229	      155564	   11.92
5880   	合庫金       	20151126	    11072229	      156672	   12.00
5880   	合庫金       	20151127	    11072229	      155011	   11.87
5880   	合庫金       	20151130	    11072229	      153903	   11.79
5880   	合庫金       	20151201	    11072229	      156672	   12.00
5880   	合庫金       	20151202	    11072229	      153903	   11.79
5880   	合庫金       	20151203	    11072229	      153350	   11.75
5880   	合庫金       	20151204	    11072229	      153350	   11.75
5880   	合庫金       	20151207	    11072229	      153350	   11.75
5880   	合庫金       	20151208	    11072229	      152243	   11.66
5880   	合庫金       	20151209	    11072229	      150582	   11.54
5880   	合庫金       	20151210	    11072229	      148921	   11.41
5880   	合庫金       	20151211	    11072229	      149475	   11.45
5880   	合庫金       	20151214	    11072229	      148921	   11.41
5880   	合庫金       	20151215	    11072229	      148921	   11.41
5880   	合庫金       	20151216	    11072229	      151135	   11.58
5880   	合庫金       	20151217	    11072229	      152796	   11.70
5880   	合庫金       	20151218	    11072229	      151135	   11.58
5880   	合庫金       	20151221	    11072229	      150028	   11.49
5880   	合庫金       	20151222	    11072229	      151689	   11.62
5880   	合庫金       	20151223	    11072229	      152796	   11.70
5880   	合庫金       	20151224	    11072229	      153350	   11.75
5880   	合庫金       	20151225	    11072229	      153350	   11.75
5880   	合庫金       	20151228	    11072229	      154457	   11.83
5880   	合庫金       	20151229	    11072229	      153903	   11.79
5880   	合庫金       	20151230	    11072229	      152243	   11.66
5880   	合庫金       	20151231	    11072229	      152243	   11.66
5880   	合庫金       	20160104	    11072229	      149475	   11.45
5880   	合庫金       	20160105	    11072229	      149475	   11.45
5880   	合庫金       	20160106	    11072229	      149475	   11.45
5880   	合庫金       	20160107	    11072229	      147260	   11.28
5880   	合庫金       	20160108	    11072229	      147260	   11.28
5880   	合庫金       	20160111	    11072229	      145046	   11.11
5880   	合庫金       	20160112	    11072229	      145599	   11.15
5880   	合庫金       	20160113	    11072229	      146153	   11.20
5880   	合庫金       	20160114	    11072229	      144492	   11.07
5880   	合庫金       	20160115	    11072229	      142831	   10.94
5880   	合庫金       	20160118	    11072229	      142278	   10.90
5880   	合庫金       	20160119	    11072229	      143938	   11.03
5880   	合庫金       	20160120	    11072229	      143938	   11.03
5880   	合庫金       	20160121	    11072229	      141724	   10.86
5880   	合庫金       	20160122	    11072229	      142278	   10.90
5880   	合庫金       	20160125	    11072229	      145599	   11.15
5880   	合庫金       	20160126	    11072229	      143938	   11.03
5880   	合庫金       	20160127	    11072229	      145046	   11.11
5880   	合庫金       	20160128	    11072229	      147814	   11.32
5880   	合庫金       	20160129	    11072229	      152796	   11.70
5880   	合庫金       	20160130	    11072229	      153350	   11.75
5880   	合庫金       	20160201	    11072229	      153350	   11.75
5880   	合庫金       	20160202	    11072229	      151689	   11.62
5880   	合庫金       	20160203	    11072229	      150028	   11.49
5880   	合庫金       	20160215	    11072229	      150582	   11.54
5880   	合庫金       	20160216	    11072229	      153903	   11.79
5880   	合庫金       	20160217	    11072229	      153350	   11.75
5880   	合庫金       	20160218	    11072229	      152796	   11.70
5880   	合庫金       	20160219	    11072229	      154457	   11.83
5880   	合庫金       	20160222	    11072229	      153903	   11.79
5880   	合庫金       	20160223	    11072229	      154457	   11.83
5880   	合庫金       	20160224	    11072229	      154457	   11.83
5880   	合庫金       	20160225	    11072229	      155011	   11.87
5880   	合庫金       	20160226	    11072229	      156672	   12.00
5880   	合庫金       	20160301	    11072229	      156118	   11.96
5880   	合庫金       	20160302	    11072229	      157779	   12.09
5880   	合庫金       	20160303	    11072229	      159440	   12.21
5880   	合庫金       	20160304	    11072229	      158886	   12.17
5880   	合庫金       	20160307	    11072229	      159440	   12.21
5880   	合庫金       	20160308	    11072229	      159440	   12.21
5880   	合庫金       	20160309	    11072229	      157225	   12.04
5880   	合庫金       	20160310	    11072229	      159440	   12.21
5880   	合庫金       	20160311	    11072229	      159993	   12.26
5880   	合庫金       	20160314	    11072229	      159993	   12.26
5880   	合庫金       	20160315	    11072229	      158332	   12.13
5880   	合庫金       	20160316	    11072229	      158332	   12.13
5880   	合庫金       	20160317	    11072229	      159993	   12.26
5880   	合庫金       	20160318	    11072229	      160547	   12.30
5880   	合庫金       	20160321	    11072229	      159993	   12.26
5880   	合庫金       	20160322	    11072229	      159993	   12.26
5880   	合庫金       	20160323	    11072229	      160547	   12.30
5880   	合庫金       	20160324	    11072229	      159993	   12.26
5880   	合庫金       	20160325	    11072229	      159440	   12.21
5880   	合庫金       	20160328	    11072229	      158886	   12.17
5880   	合庫金       	20160329	    11072229	      159440	   12.21
5880   	合庫金       	20160330	    11072229	      159993	   12.26
5880   	合庫金       	20160331	    11072229	      159440	   12.21
5880   	合庫金       	20160401	    11072229	      158886	   12.17
5880   	合庫金       	20160406	    11072229	      158332	   12.13
5880   	合庫金       	20160407	    11072229	      157225	   12.04
5880   	合庫金       	20160408	    11072229	      157225	   12.04
5880   	合庫金       	20160411	    11072229	      157225	   12.04
5880   	合庫金       	20160412	    11072229	      157225	   12.04
5880   	合庫金       	20160413	    11072229	      158886	   12.17
5880   	合庫金       	20160414	    11072229	      158886	   12.17
5880   	合庫金       	20160415	    11072229	      158886	   12.17
5880   	合庫金       	20160418	    11072229	      159440	   12.21
5880   	合庫金       	20160419	    11072229	      158886	   12.17
5880   	合庫金       	20160420	    11072229	      157225	   12.04
5880   	合庫金       	20160421	    11072229	      157225	   12.04
5880   	合庫金       	20160422	    11072229	      158332	   12.13
5880   	合庫金       	20160425	    11072229	      158886	   12.17
5880   	合庫金       	20160426	    11072229	      158886	   12.17
5880   	合庫金       	20160427	    11072229	      157779	   12.09
5880   	合庫金       	20160428	    11072229	      156672	   12.00
5880   	合庫金       	20160429	    11072229	      157779	   12.09
5880   	合庫金       	20160503	    11072229	      156672	   12.00
5880   	合庫金       	20160504	    11072229	      157225	   12.04
5880   	合庫金       	20160505	    11072229	      155011	   11.87
5880   	合庫金       	20160506	    11072229	      152796	   11.70
5880   	合庫金       	20160509	    11072229	      153350	   11.75
5880   	合庫金       	20160510	    11072229	      152243	   11.66
5880   	合庫金       	20160511	    11072229	      151689	   11.62
5880   	合庫金       	20160512	    11072229	      152796	   11.70
5880   	合庫金       	20160513	    11072229	      151689	   11.62
5880   	合庫金       	20160516	    11072229	      150028	   11.49
5880   	合庫金       	20160517	    11072229	      151689	   11.62
5880   	合庫金       	20160518	    11072229	      153350	   11.75
5880   	合庫金       	20160519	    11072229	      150582	   11.54
5880   	合庫金       	20160520	    11072229	      150582	   11.54
5880   	合庫金       	20160523	    11072229	      153350	   11.75
5880   	合庫金       	20160524	    11072229	      152243	   11.66
5880   	合庫金       	20160525	    11072229	      153350	   11.75
5880   	合庫金       	20160526	    11072229	      153903	   11.79
5880   	合庫金       	20160527	    11072229	      155011	   11.87
5880   	合庫金       	20160530	    11072229	      156118	   11.96
5880   	合庫金       	20160531	    11072229	      158332	   12.13
5880   	合庫金       	20160601	    11072229	      157779	   12.09
5880   	合庫金       	20160602	    11072229	      157225	   12.04
5880   	合庫金       	20160603	    11072229	      158332	   12.13
5880   	合庫金       	20160604	    11072229	      157225	   12.04
5880   	合庫金       	20160606	    11072229	      157225	   12.04
5880   	合庫金       	20160607	    11072229	      159440	   12.21
5880   	合庫金       	20160608	    11072229	      159440	   12.21
5880   	合庫金       	20160613	    11072229	      157225	   12.04
5880   	合庫金       	20160614	    11072229	      158332	   12.13
5880   	合庫金       	20160615	    11072229	      158332	   12.13
5880   	合庫金       	20160616	    11072229	      156118	   11.96
5880   	合庫金       	20160617	    11072229	      158332	   12.13
5880   	合庫金       	20160620	    11072229	      158332	   12.13
5880   	合庫金       	20160621	    11072229	      158886	   12.17
5880   	合庫金       	20160622	    11072229	      158886	   12.17
5880   	合庫金       	20160623	    11072229	      158332	   12.13
5880   	合庫金       	20160624	    11072229	      155011	   11.87
5880   	合庫金       	20160627	    11072229	      155564	   11.92
5880   	合庫金       	20160628	    11072229	      155564	   11.92
5880   	合庫金       	20160629	    11072229	      157225	   12.04
5880   	合庫金       	20160630	    11072229	      157225	   12.04
5880   	合庫金       	20160701	    11072229	      158886	   12.17
5880   	合庫金       	20160704	    11072229	      158886	   12.17
5880   	合庫金       	20160705	    11072229	      158886	   12.17
5880   	合庫金       	20160706	    11072229	      157225	   12.04
5880   	合庫金       	20160707	    11072229	      157225	   12.04
5880   	合庫金       	20160711	    11072229	      159440	   12.21
5880   	合庫金       	20160712	    11072229	      160547	   12.30
5880   	合庫金       	20160713	    11072229	      161100	   12.34
5880   	合庫金       	20160714	    11072229	      162208	   12.43
5880   	合庫金       	20160715	    11072229	      163868	   12.55
5880   	合庫金       	20160718	    11072229	      165529	   12.68
5880   	合庫金       	20160719	    11072229	      166083	   12.72
5880   	合庫金       	20160720	    11072229	      165529	   12.68
5880   	合庫金       	20160721	    11072229	      165529	   12.68
5880   	合庫金       	20160722	    11072229	      165529	   12.68
5880   	合庫金       	20160725	    11072229	      164976	   12.64
5880   	合庫金       	20160726	    11072229	      164976	   12.64
5880   	合庫金       	20160727	    11072229	      164976	   12.64
5880   	合庫金       	20160728	    11072229	      165529	   12.68
5880   	合庫金       	20160729	    11072229	      165529	   12.68
5880   	合庫金       	20160801	    11072229	      166083	   12.72
5880   	合庫金       	20160802	    11072229	      165529	   12.68
5880   	合庫金       	20160803	    11072229	      165529	   12.68
5880   	合庫金       	20160804	    11072229	      165529	   12.68
5880   	合庫金       	20160805	    11072229	      166083	   12.72
5880   	合庫金       	20160808	    11072229	      167190	   12.81
5880   	合庫金       	20160809	    11072229	      167744	   12.85
5880   	合庫金       	20160810	    11847285	      169416	   13.25
5880   	合庫金       	20160811	    11847285	      169416	   13.25
5880   	合庫金       	20160812	    11847285	      169416	   13.25
5880   	合庫金       	20160815	    11847285	      168231	   13.16
5880   	合庫金       	20160816	    11847285	      168823	   13.20
5880   	合庫金       	20160817	    11847285	      168823	   13.20
5880   	合庫金       	20160818	    11847285	      168231	   13.16
5880   	合庫金       	20160819	    11847285	      166454	   13.02
5880   	合庫金       	20160822	    11847285	      165861	   12.97
5880   	合庫金       	20160823	    11847285	      166454	   13.02
5880   	合庫金       	20160824	    11847285	      165269	   12.92
5880   	合庫金       	20160825	    11847285	      167046	   13.06
5880   	合庫金       	20160826	    11847285	      167639	   13.11
5880   	合庫金       	20160829	    11847285	      167639	   13.11
5880   	合庫金       	20160830	    11847285	      167639	   13.11
5880   	合庫金       	20160831	    11847285	      165269	   12.92
5880   	合庫金       	20160901	    11847285	      166454	   13.02
5880   	合庫金       	20160902	    11847285	      165269	   12.92
5880   	合庫金       	20160905	    11847285	      167046	   13.06
5880   	合庫金       	20160906	    11847285	      167639	   13.11
5880   	合庫金       	20160907	    11847285	      168231	   13.16
5880   	合庫金       	20160908	    11847285	      168823	   13.20
5880   	合庫金       	20160909	    11847285	      167046	   13.06
5880   	合庫金       	20160910	    11847285	      165861	   12.97
5880   	合庫金       	20160912	    11847285	      164677	   12.88
5880   	合庫金       	20160913	    11847285	      164084	   12.83
5880   	合庫金       	20160914	    11847285	      163492	   12.78
5880   	合庫金       	20160919	    11847285	      165269	   12.92
5880   	合庫金       	20160920	    11847285	      164677	   12.88
5880   	合庫金       	20160921	    11847285	      165269	   12.92
5880   	合庫金       	20160922	    11847285	      164677	   12.88
5880   	合庫金       	20160923	    11847285	      165861	   12.97
5880   	合庫金       	20160926	    11847285	      165269	   12.92
5880   	合庫金       	20160929	    11847285	      165861	   12.97
5880   	合庫金       	20160930	    11847285	      164084	   12.83
5880   	合庫金       	20161003	    11847285	      164084	   12.83
5880   	合庫金       	20161004	    11847285	      165269	   12.92
5880   	合庫金       	20161005	    11847285	      165269	   12.92
5880   	合庫金       	20161006	    11847285	      164677	   12.88
5880   	合庫金       	20161007	    11847285	      163492	   12.78
5880   	合庫金       	20161011	    11847285	      164677	   12.88
5880   	合庫金       	20161012	    11847285	      164677	   12.88
5880   	合庫金       	20161013	    11847285	      164084	   12.83
5880   	合庫金       	20161014	    11847285	      162900	   12.74
5880   	合庫金       	20161017	    11847285	      164084	   12.83
5880   	合庫金       	20161018	    11847285	      164084	   12.83
5880   	合庫金       	20161019	    11847285	      164084	   12.83
5880   	合庫金       	20161020	    11847285	      164677	   12.88
5880   	合庫金       	20161021	    11847285	      164677	   12.88
5880   	合庫金       	20161024	    11847285	      164677	   12.88
5880   	合庫金       	20161025	    11847285	      164084	   12.83
5880   	合庫金       	20161026	    11847285	      164677	   12.88
5880   	合庫金       	20161027	    11847285	      164084	   12.83
5880   	合庫金       	20161028	    11847285	      165269	   12.92
5880   	合庫金       	20161031	    11847285	      164084	   12.83
5880   	合庫金       	20161101	    11847285	      164084	   12.83
5880   	合庫金       	20161102	    11847285	      164084	   12.83
5880   	合庫金       	20161103	    11847285	      163492	   12.78
5880   	合庫金       	20161104	    11847285	      162307	   12.69
5880   	合庫金       	20161107	    11847285	      162900	   12.74
5880   	合庫金       	20161108	    11847285	      164677	   12.88
5880   	合庫金       	20161109	    11847285	      161715	   12.65
5880   	合庫金       	20161110	    11847285	      162900	   12.74
5880   	合庫金       	20161111	    11847285	      161715	   12.65
5880   	合庫金       	20161114	    11847285	      161123	   12.60
5880   	合庫金       	20161115	    11847285	      161715	   12.65
5880   	合庫金       	20161116	    11847285	      161715	   12.65
5880   	合庫金       	20161117	    11847285	      162307	   12.69
5880   	合庫金       	20161118	    11847285	      162307	   12.69
5880   	合庫金       	20161121	    11847285	      163492	   12.78
5880   	合庫金       	20161122	    11847285	      162307	   12.69
5880   	合庫金       	20161123	    11847285	      163492	   12.78
5880   	合庫金       	20161124	    11847285	      163492	   12.78
5880   	合庫金       	20161125	    11847285	      164084	   12.83
5880   	合庫金       	20161128	    11847285	      166454	   13.02
5880   	合庫金       	20161129	    11847285	      165269	   12.92
5880   	合庫金       	20161130	    11847285	      166454	   13.02
5880   	合庫金       	20161201	    11847285	      165861	   12.97
5880   	合庫金       	20161202	    11847285	      165861	   12.97
5880   	合庫金       	20161205	    11847285	      164677	   12.88
5880   	合庫金       	20161206	    11847285	      165861	   12.97
5880   	合庫金       	20161207	    11847285	      165861	   12.97
5880   	合庫金       	20161208	    11847285	      168823	   13.20
5880   	合庫金       	20161209	    11847285	      169416	   13.25
5880   	合庫金       	20161212	    11847285	      169416	   13.25
5880   	合庫金       	20161213	    11847285	      169416	   13.25
5880   	合庫金       	20161214	    11847285	      168231	   13.16
5880   	合庫金       	20161215	    11847285	      168231	   13.16
5880   	合庫金       	20161216	    11847285	      166454	   13.02
5880   	合庫金       	20161219	    11847285	      165861	   12.97
5880   	合庫金       	20161220	    11847285	      165861	   12.97
5880   	合庫金       	20161221	    11847285	      165269	   12.92
5880   	合庫金       	20161222	    11847285	      164677	   12.88
5880   	合庫金       	20161223	    11847285	      164084	   12.83
5880   	合庫金       	20161226	    11847285	      165269	   12.92
5880   	合庫金       	20161227	    11847285	      164677	   12.88
5880   	合庫金       	20161228	    11847285	      166454	   13.02
5880   	合庫金       	20161229	    11847285	      165269	   12.92
5880   	合庫金       	20161230	    11847285	      166454	   13.02
5880   	合庫金       	20170103	    11847285	      166454	   13.02
5880   	合庫金       	20170104	    11847285	      166454	   13.02
5880   	合庫金       	20170105	    11847285	      167639	   13.11
5880   	合庫金       	20170106	    11847285	      167639	   13.11
5880   	合庫金       	20170109	    11847285	      167639	   13.11
5880   	合庫金       	20170110	    11847285	      168231	   13.16
5880   	合庫金       	20170111	    11847285	      168823	   13.20
5880   	合庫金       	20170112	    11847285	      169416	   13.25
5880   	合庫金       	20170113	    11847285	      169416	   13.25
5880   	合庫金       	20170116	    11847285	      168231	   13.16
5880   	合庫金       	20170117	    11847285	      167639	   13.11
5880   	合庫金       	20170118	    11847285	      167639	   13.11
5880   	合庫金       	20170119	    11847285	      167639	   13.11
5880   	合庫金       	20170120	    11847285	      168231	   13.16
5880   	合庫金       	20170123	    11847285	      169416	   13.25
5880   	合庫金       	20170124	    11847285	      169416	   13.25
5880   	合庫金       	20170202	    11847285	      168231	   13.16
5880   	合庫金       	20170203	    11847285	      168823	   13.20
5880   	合庫金       	20170206	    11847285	      171193	   13.39
5880   	合庫金       	20170207	    11847285	      172970	   13.53
5880   	合庫金       	20170208	    11847285	      173562	   13.57
5880   	合庫金       	20170209	    11847285	      173562	   13.57
5880   	合庫金       	20170210	    11847285	      174155	   13.62
5880   	合庫金       	20170213	    11847285	      174155	   13.62
5880   	合庫金       	20170214	    11847285	      174747	   13.67
5880   	合庫金       	20170215	    11847285	      176524	   13.80
5880   	合庫金       	20170216	    11847285	      176524	   13.80
5880   	合庫金       	20170217	    11847285	      175932	   13.76
5880   	合庫金       	20170218	    11847285	      176524	   13.80
5880   	合庫金       	20170220	    11847285	      175339	   13.71
5880   	合庫金       	20170221	    11847285	      175339	   13.71
5880   	合庫金       	20170222	    11847285	      175932	   13.76
5880   	合庫金       	20170223	    11847285	      174155	   13.62
5880   	合庫金       	20170224	    11847285	      173562	   13.57
5880   	合庫金       	20170301	    11847285	      173562	   13.57
5880   	合庫金       	20170302	    11847285	      174747	   13.67
5880   	合庫金       	20170303	    11847285	      174747	   13.67
5880   	合庫金       	20170306	    11847285	      174747	   13.67
5880   	合庫金       	20170307	    11847285	      175339	   13.71
5880   	合庫金       	20170308	    11847285	      174747	   13.67
5880   	合庫金       	20170309	    11847285	      174747	   13.67
5880   	合庫金       	20170310	    11847285	      174155	   13.62
5880   	合庫金       	20170313	    11847285	      175339	   13.71
5880   	合庫金       	20170314	    11847285	      175339	   13.71
5880   	合庫金       	20170315	    11847285	      175932	   13.76
5880   	合庫金       	20170316	    11847285	      176524	   13.80
5880   	合庫金       	20170317	    11847285	      176524	   13.80
5880   	合庫金       	20170320	    11847285	      175932	   13.76
5880   	合庫金       	20170321	    11847285	      176524	   13.80
5880   	合庫金       	20170322	    11847285	      176524	   13.80
5880   	合庫金       	20170323	    11847285	      176524	   13.80
5880   	合庫金       	20170324	    11847285	      176524	   13.80
5880   	合庫金       	20170327	    11847285	      176524	   13.80
5880   	合庫金       	20170328	    11847285	      178301	   13.94
5880   	合庫金       	20170329	    11847285	      180078	   14.08
5880   	合庫金       	20170330	    11847285	      179486	   14.04
5880   	合庫金       	20170331	    11847285	      178894	   13.99
5880   	合庫金       	20170405	    11847285	      180671	   14.13
5880   	合庫金       	20170406	    11847285	      181263	   14.17
5880   	合庫金       	20170407	    11847285	      181855	   14.22
5880   	合庫金       	20170410	    11847285	      181855	   14.22
5880   	合庫金       	20170411	    11847285	      183040	   14.31
5880   	合庫金       	20170412	    11847285	      181855	   14.22
5880   	合庫金       	20170413	    11847285	      183040	   14.31
5880   	合庫金       	20170414	    11847285	      180078	   14.08
5880   	合庫金       	20170417	    11847285	      180078	   14.08
5880   	合庫金       	20170418	    11847285	      180671	   14.13
5880   	合庫金       	20170419	    11847285	      178894	   13.99
5880   	合庫金       	20170420	    11847285	      177709	   13.90
5880   	合庫金       	20170421	    11847285	      180078	   14.08
5880   	合庫金       	20170424	    11847285	      180671	   14.13
5880   	合庫金       	20170425	    11847285	      181263	   14.17
5880   	合庫金       	20170426	    11847285	      183040	   14.31
5880   	合庫金       	20170427	    11847285	      181855	   14.22
5880   	合庫金       	20170428	    11847285	      181855	   14.22
5880   	合庫金       	20170502	    11847285	      183040	   14.31
5880   	合庫金       	20170503	    11847285	      183632	   14.36
5880   	合庫金       	20170504	    11847285	      184817	   14.45
5880   	合庫金       	20170505	    11847285	      184225	   14.41
5880   	合庫金       	20170508	    11847285	      184817	   14.45
5880   	合庫金       	20170509	    11847285	      185410	   14.50
5880   	合庫金       	20170510	    11847285	      184817	   14.45
5880   	合庫金       	20170511	    11847285	      184817	   14.45
5880   	合庫金       	20170512	    11847285	      184817	   14.45
5880   	合庫金       	20170515	    11847285	      185410	   14.50
5880   	合庫金       	20170516	    11847285	      185410	   14.50
5880   	合庫金       	20170517	    11847285	      186002	   14.55
5880   	合庫金       	20170518	    11847285	      185410	   14.50
5880   	合庫金       	20170519	    11847285	      185410	   14.50
5880   	合庫金       	20170522	    11847285	      185410	   14.50
5880   	合庫金       	20170523	    11847285	      185410	   14.50
5880   	合庫金       	20170524	    11847285	      184817	   14.45
5880   	合庫金       	20170525	    11847285	      186002	   14.55
5880   	合庫金       	20170526	    11847285	      186002	   14.55
5880   	合庫金       	20170531	    11847285	      184225	   14.41
5880   	合庫金       	20170601	    11847285	      185410	   14.50
5880   	合庫金       	20170602	    11847285	      185410	   14.50
5880   	合庫金       	20170603	    11847285	      185410	   14.50
5880   	合庫金       	20170605	    11847285	      186594	   14.59
5880   	合庫金       	20170606	    11847285	      187187	   14.64
5880   	合庫金       	20170607	    11847285	      186594	   14.59
5880   	合庫金       	20170608	    11847285	      187187	   14.64
5880   	合庫金       	20170609	    11847285	      186594	   14.59
5880   	合庫金       	20170612	    11847285	      187187	   14.64
5880   	合庫金       	20170613	    11847285	      186594	   14.59
5880   	合庫金       	20170614	    11847285	      186002	   14.55
5880   	合庫金       	20170615	    11847285	      186002	   14.55
5880   	合庫金       	20170616	    11847285	      186002	   14.55
5880   	合庫金       	20170619	    11847285	      186002	   14.55
5880   	合庫金       	20170620	    11847285	      185410	   14.50
5880   	合庫金       	20170621	    11847285	      186594	   14.59
5880   	合庫金       	20170622	    11847285	      186002	   14.55
5880   	合庫金       	20170623	    11847285	      186002	   14.55
5880   	合庫金       	20170626	    11847285	      188371	   14.73
5880   	合庫金       	20170627	    11847285	      188964	   14.78
5880   	合庫金       	20170628	    11847285	      189556	   14.82
5880   	合庫金       	20170629	    11847285	      191333	   14.96
5880   	合庫金       	20170630	    11847285	      191333	   14.96
5880   	合庫金       	20170703	    11847285	      192518	   15.05
5880   	合庫金       	20170704	    11847285	      191926	   15.01
5880   	合庫金       	20170705	    11847285	      193110	   15.10
5880   	合庫金       	20170706	    11847285	      193110	   15.10
5880   	合庫金       	20170707	    11847285	      193110	   15.10
5880   	合庫金       	20170710	    11847285	      191926	   15.01
5880   	合庫金       	20170711	    11847285	      193110	   15.10
5880   	合庫金       	20170712	    11847285	      194295	   15.19
5880   	合庫金       	20170713	    11847285	      194887	   15.24
5880   	合庫金       	20170714	    11847285	      194887	   15.24
5880   	合庫金       	20170717	    11847285	      197257	   15.43
5880   	合庫金       	20170718	    11847285	      197849	   15.47
5880   	合庫金       	20170719	    11847285	      196664	   15.38
5880   	合庫金       	20170720	    11847285	      195480	   15.29
5880   	合庫金       	20170721	    11847285	      194887	   15.24
5880   	合庫金       	20170724	    11847285	      195480	   15.29
5880   	合庫金       	20170725	    11847285	      195480	   15.29
5880   	合庫金       	20170726	    11847285	      194295	   15.19
5880   	合庫金       	20170727	    11847285	      196072	   15.33
5880   	合庫金       	20170728	    11847285	      194295	   15.19
5880   	合庫金       	20170731	    11847285	      195480	   15.29
5880   	合庫金       	20170801	    11847285	      196072	   15.33
5880   	合庫金       	20170802	    11847285	      197257	   15.43
5880   	合庫金       	20170803	    11847285	      196664	   15.38
5880   	合庫金       	20170804	    11847285	      197849	   15.47
5880   	合庫金       	20170807	    11847285	      199626	   15.61
5880   	合庫金       	20170808	    11847285	      199626	   15.61
5880   	合庫金       	20170809	    11847285	      198442	   15.52
5880   	合庫金       	20170810	    11847285	      196072	   15.33
5880   	合庫金       	20170811	    11847285	      196664	   15.38
5880   	合庫金       	20170814	    11847285	      194887	   15.24
5880   	合庫金       	20170815	    11847285	      194887	   15.24
5880   	合庫金       	20170816	    12202703	      187921	   15.40
5880   	合庫金       	20170817	    12202703	      190972	   15.65
5880   	合庫金       	20170818	    12202703	      189752	   15.55
5880   	合庫金       	20170821	    12202703	      190972	   15.65
5880   	合庫金       	20170822	    12202703	      190972	   15.65
5880   	合庫金       	20170823	    12202703	      191582	   15.70
5880   	合庫金       	20170824	    12202703	      192802	   15.80
5880   	合庫金       	20170825	    12202703	      192802	   15.80
5880   	合庫金       	20170828	    12202703	      194022	   15.90
5880   	合庫金       	20170829	    12202703	      193412	   15.85
5880   	合庫金       	20170830	    12202703	      193412	   15.85
5880   	合庫金       	20170831	    12202703	      194022	   15.90
5880   	合庫金       	20170901	    12202703	      194633	   15.95
5880   	合庫金       	20170904	    12202703	      192802	   15.80
5880   	合庫金       	20170905	    12202703	      193412	   15.85
5880   	合庫金       	20170906	    12202703	      192802	   15.80
5880   	合庫金       	20170907	    12202703	      192192	   15.75
5880   	合庫金       	20170908	    12202703	      193412	   15.85
5880   	合庫金       	20170911	    12202703	      192802	   15.80
5880   	合庫金       	20170912	    12202703	      193412	   15.85
5880   	合庫金       	20170913	    12202703	      192192	   15.75
5880   	合庫金       	20170914	    12202703	      194022	   15.90
5880   	合庫金       	20170915	    12202703	      194022	   15.90
5880   	合庫金       	20170918	    12202703	      194022	   15.90
5880   	合庫金       	20170919	    12202703	      192192	   15.75
5880   	合庫金       	20170920	    12202703	      190362	   15.60
5880   	合庫金       	20170921	    12202703	      190972	   15.65
5880   	合庫金       	20170922	    12202703	      189752	   15.55
5880   	合庫金       	20170925	    12202703	      189752	   15.55
5880   	合庫金       	20170926	    12202703	      190972	   15.65
5880   	合庫金       	20170927	    12202703	      192192	   15.75
5880   	合庫金       	20170928	    12202703	      190362	   15.60
5880   	合庫金       	20170929	    12202703	      190972	   15.65
5880   	合庫金       	20170930	    12202703	      190972	   15.65
5880   	合庫金       	20171002	    12202703	      190972	   15.65
5880   	合庫金       	20171003	    12202703	      191582	   15.70
5880   	合庫金       	20171005	    12202703	      192802	   15.80
5880   	合庫金       	20171006	    12202703	      193412	   15.85
5880   	合庫金       	20171011	    12202703	      194633	   15.95
5880   	合庫金       	20171012	    12202703	      196463	   16.10
5880   	合庫金       	20171013	    12202703	      197683	   16.20
5880   	合庫金       	20171016	    12202703	      197073	   16.15
5880   	合庫金       	20171017	    12202703	      198293	   16.25
5880   	合庫金       	20171018	    12202703	      197073	   16.15
5880   	合庫金       	20171019	    12202703	      198293	   16.25
5880   	合庫金       	20171020	    12202703	      197073	   16.15
5880   	合庫金       	20171023	    12202703	      197073	   16.15
5880   	合庫金       	20171024	    12202703	      198904	   16.30
5880   	合庫金       	20171025	    12202703	      200124	   16.40
5880   	合庫金       	20171026	    12202703	      198293	   16.25
5880   	合庫金       	20171027	    12202703	      198904	   16.30
5880   	合庫金       	20171030	    12202703	      198904	   16.30
5880   	合庫金       	20171031	    12202703	      198904	   16.30
5880   	合庫金       	20171101	    12202703	      199514	   16.35
5880   	合庫金       	20171102	    12202703	      198904	   16.30
5880   	合庫金       	20171103	    12202703	      199514	   16.35
5880   	合庫金       	20171106	    12202703	      199514	   16.35
5880   	合庫金       	20171107	    12202703	      198904	   16.30
5880   	合庫金       	20171108	    12202703	      198904	   16.30
5880   	合庫金       	20171109	    12202703	      198904	   16.30
5880   	合庫金       	20171110	    12202703	      198904	   16.30
5880   	合庫金       	20171113	    12202703	      198293	   16.25
5880   	合庫金       	20171114	    12202703	      198904	   16.30
5880   	合庫金       	20171115	    12202703	      199514	   16.35
5880   	合庫金       	20171116	    12202703	      198293	   16.25
5880   	合庫金       	20171117	    12202703	      198293	   16.25
5880   	合庫金       	20171120	    12202703	      198293	   16.25
5880   	合庫金       	20171121	    12202703	      199514	   16.35
5880   	合庫金       	20171122	    12202703	      201954	   16.55
5880   	合庫金       	20171123	    12202703	      201954	   16.55
5880   	合庫金       	20171124	    12202703	      200734	   16.45
5880   	合庫金       	20171127	    12202703	      199514	   16.35
5880   	合庫金       	20171128	    12202703	      201344	   16.50
5880   	合庫金       	20171129	    12202703	      200734	   16.45
5880   	合庫金       	20171130	    12202703	      199514	   16.35
5880   	合庫金       	20171201	    12202703	      200734	   16.45
5880   	合庫金       	20171204	    12202703	      201954	   16.55
5880   	合庫金       	20171205	    12202703	      201954	   16.55
5880   	合庫金       	20171206	    12202703	      201344	   16.50
5880   	合庫金       	20171207	    12202703	      200734	   16.45
5880   	合庫金       	20171208	    12202703	      200734	   16.45
5880   	合庫金       	20171211	    12202703	      200124	   16.40
5880   	合庫金       	20171212	    12202703	      201344	   16.50
5880   	合庫金       	20171213	    12202703	      201344	   16.50
5880   	合庫金       	20171214	    12202703	      200734	   16.45
5880   	合庫金       	20171215	    12202703	      201344	   16.50
5880   	合庫金       	20171218	    12202703	      201344	   16.50
5880   	合庫金       	20171219	    12202703	      201954	   16.55
5880   	合庫金       	20171220	    12202703	      200734	   16.45
5880   	合庫金       	20171221	    12202703	      201344	   16.50
5880   	合庫金       	20171222	    12202703	      201344	   16.50
5880   	合庫金       	20171225	    12202703	      200734	   16.45
5880   	合庫金       	20171226	    12202703	      200734	   16.45
5880   	合庫金       	20171227	    12202703	      201344	   16.50
5880   	合庫金       	20171228	    12202703	      201954	   16.55
5880   	合庫金       	20171229	    12202703	      202564	   16.60
